# 标定板参数：pattern_cols（列）和 pattern_rows（行）是内部角点数（棋盘格尺寸减1）
pattern_cols: 7
pattern_rows: 7
center_distance_mm: 25

# R_gimbal2imubody: [-1,0,0,0,-1,0,0,0,1]


#单位矩阵
R_gimbal2imubody: [1, 0, 0, 0, 1, 0, 0, 0, 1]
#R_gimbal2imubody: [0.66367241634327012, 0.74484777938176527, 0.068852809202960802, -0.74284344277904091, 0.66709229590108032, -0.056315968158302608, -0.087878002396888033, -0.013771503167004458, 0.99603604472692309]


# # 重投影误差: 0.1853px
# camera_matrix: [1313.1417227886031, 0, 781.11432700339617, 0, 1314.1349588777286, 619.37773547557981, 0, 0, 1]
# distort_coeffs: [-0.13201585679208666, 0.11923632611467753, -0.0011534816427526305, -0.0015051300535460241, 0]

# 重投影误差:0.2093px
#camera_matrix: [1294.8892653269006, 0, 785.36068839978952, 0, 1295.6276616050427, 620.79010246005976, 0, 0, 1]
#distort_coeffs: [-0.1412003069332769, 0.12830321514022877, -0.0010833689481433402, -0.00091722548143827003, 0]
# 重投影误差: 0.1488px
camera_matrix: [1801.516644555843, 0, 788.58005041838851, 0, 1804.6805157747001, 637.45670587031043, 0, 0, 1]
distort_coeffs: [-0.044618922940339381, 0.15358659071951206, -0.0010702672762228887, -0.0021381800624048226, 0]


camera_name: "hikrobot"
exposure_ms: 10
gain: 10
vid_pid: "2bdf:0001"

#####-----cboard参数-----#####
quaternion_canid: 0x100
bullet_speed_canid: 0x110
send_canid: 0xff
can_interface: "can0"